Using device cuda:0.
beginning
sampler
weights
batch_sampler
infinite_iterator
building uda loaders
building out loaders
env0_in_acc   env0_out_acc  env1_in_acc   env1_out_acc  env2_in_acc   env2_out_acc  env3_in_acc   env3_out_acc  env4_in_acc   env4_out_acc  env5_in_acc   env5_out_acc  env6_in_acc   env6_out_acc  env7_in_acc   env7_out_acc  env8_in_acc   env8_out_acc  env9_in_acc   env9_out_acc  epoch         loss          mem_gb        step          step_time    
0.4094642857  0.4050000000  0.4066071429  0.4214285714  0.4257142857  0.4342857143  0.4446428571  0.4535714286  0.4687500000  0.4842857143  0.4862500000  0.4814285714  0.5205357143  0.5100000000  0.5314285714  0.5128571429  0.5541071429  0.5592857143  0.5683928571  0.5585714286  0.0000000000  1.2844052315  1.7511153221  0             1.1949465275 
0.3180357143  0.3278571429  0.3162500000  0.3421428571  0.3698214286  0.3692857143  0.4208928571  0.4157142857  0.4775000000  0.5057142857  0.5394642857  0.5278571429  0.5958928571  0.6014285714  0.6441071429  0.6392857143  0.7082142857  0.7114285714  0.7587500000  0.7457142857  4.5714285714  0.9246953106  1.7518634796  100           0.0163660574 
0.5551785714  0.5485714286  0.5476785714  0.5400000000  0.5580357143  0.5414285714  0.5726785714  0.5635714286  0.5851785714  0.5978571429  0.6016071429  0.5842857143  0.5951785714  0.6021428571  0.6096428571  0.6142857143  0.6346428571  0.6221428571  0.6360714286  0.6264285714  9.1428571429  0.7218649840  1.7519097328  200           0.0162954640 
0.6412500000  0.6435714286  0.6458928571  0.6428571429  0.6346428571  0.6200000000  0.6235714286  0.6171428571  0.6207142857  0.6378571429  0.6223214286  0.6121428571  0.6039285714  0.6142857143  0.5957142857  0.6021428571  0.5891071429  0.5914285714  0.5891071429  0.5700000000  13.714285714  0.6884451348  1.7519097328  300           0.0163055325 
0.6569642857  0.6564285714  0.6637500000  0.6550000000  0.6526785714  0.6378571429  0.6305357143  0.6278571429  0.6251785714  0.6471428571  0.6283928571  0.6142857143  0.6087500000  0.6157142857  0.5935714286  0.6028571429  0.5862500000  0.5907142857  0.5807142857  0.5607142857  18.285714285  0.6754400849  1.7520041466  400           0.0160946965 
0.5976785714  0.5957142857  0.5994642857  0.5871428571  0.6032142857  0.5892857143  0.6039285714  0.6042857143  0.6162500000  0.6328571429  0.6275000000  0.6164285714  0.6233928571  0.6264285714  0.6271428571  0.6285714286  0.6355357143  0.6357142857  0.6476785714  0.6342857143  22.857142857  0.6635589969  1.7520041466  500           0.0160717797 
0.5992857143  0.5957142857  0.5969642857  0.5957142857  0.6017857143  0.5900000000  0.6039285714  0.6071428571  0.6171428571  0.6350000000  0.6287500000  0.6150000000  0.6271428571  0.6292857143  0.6369642857  0.6342857143  0.6389285714  0.6428571429  0.6517857143  0.6342857143  27.428571428  0.6614731461  1.7520041466  600           0.0161817789 
0.5989285714  0.5978571429  0.5975000000  0.5957142857  0.6012500000  0.5871428571  0.6062500000  0.6064285714  0.6183928571  0.6357142857  0.6298214286  0.6157142857  0.6276785714  0.6307142857  0.6348214286  0.6357142857  0.6401785714  0.6435714286  0.6521428571  0.6392857143  32.000000000  0.6550018883  1.7520041466  700           0.0162705064 
0.6125000000  0.6085714286  0.6126785714  0.6150000000  0.6116071429  0.5985714286  0.6176785714  0.6171428571  0.6225000000  0.6464285714  0.6400000000  0.6135714286  0.6305357143  0.6342857143  0.6314285714  0.6407142857  0.6380357143  0.6392857143  0.6437500000  0.6371428571  36.571428571  0.6500037849  1.7520041466  800           0.0161743379 
0.6123214286  0.6107142857  0.6148214286  0.6142857143  0.6114285714  0.5950000000  0.6164285714  0.6178571429  0.6242857143  0.6428571429  0.6408928571  0.6157142857  0.6310714286  0.6335714286  0.6321428571  0.6414285714  0.6389285714  0.6400000000  0.6448214286  0.6335714286  41.142857142  0.6396872240  1.7520041466  900           0.0161967897 
0.6046428571  0.6007142857  0.6025000000  0.6071428571  0.6085714286  0.5964285714  0.6089285714  0.6135714286  0.6257142857  0.6414285714  0.6423214286  0.6300000000  0.6430357143  0.6457142857  0.6460714286  0.6600000000  0.6571428571  0.6664285714  0.6680357143  0.6564285714  45.714285714  0.6416876292  1.7520041466  1000          0.0168184495 
0.6583928571  0.6500000000  0.6516071429  0.6564285714  0.6476785714  0.6357142857  0.6348214286  0.6385714286  0.6394642857  0.6600000000  0.6462500000  0.6485714286  0.6357142857  0.6357142857  0.6376785714  0.6378571429  0.6325000000  0.6407142857  0.6337500000  0.6178571429  50.285714285  0.6309722233  1.7520041466  1100          0.0168473816 
0.6569642857  0.6500000000  0.6516071429  0.6557142857  0.6469642857  0.6342857143  0.6355357143  0.6350000000  0.6380357143  0.6607142857  0.6457142857  0.6478571429  0.6366071429  0.6407142857  0.6387500000  0.6335714286  0.6301785714  0.6435714286  0.6337500000  0.6200000000  54.857142857  0.6244153011  1.7521429062  1200          0.0167312407 
0.6598214286  0.6492857143  0.6510714286  0.6578571429  0.6471428571  0.6350000000  0.6360714286  0.6378571429  0.6383928571  0.6585714286  0.6475000000  0.6485714286  0.6350000000  0.6407142857  0.6385714286  0.6364285714  0.6300000000  0.6414285714  0.6346428571  0.6192857143  59.428571428  0.6222866637  1.7521429062  1300          0.0163916802 
0.6578571429  0.6471428571  0.6505357143  0.6557142857  0.6435714286  0.6371428571  0.6405357143  0.6407142857  0.6428571429  0.6657142857  0.6546428571  0.6450000000  0.6380357143  0.6428571429  0.6437500000  0.6428571429  0.6321428571  0.6614285714  0.6510714286  0.6350000000  64.000000000  0.6172128546  1.7521429062  1400          0.0163061571 
0.6582142857  0.6464285714  0.6496428571  0.6564285714  0.6446428571  0.6364285714  0.6396428571  0.6385714286  0.6432142857  0.6664285714  0.6551785714  0.6485714286  0.6394642857  0.6435714286  0.6455357143  0.6421428571  0.6325000000  0.6600000000  0.6523214286  0.6342857143  68.571428571  0.6151968825  1.7521429062  1500          0.0165813065 
0.6594642857  0.6457142857  0.6510714286  0.6557142857  0.6430357143  0.6364285714  0.6398214286  0.6357142857  0.6439285714  0.6642857143  0.6551785714  0.6457142857  0.6392857143  0.6442857143  0.6442857143  0.6435714286  0.6330357143  0.6628571429  0.6514285714  0.6371428571  73.142857142  0.6130280614  1.7523322105  1600          0.0161881447 
0.6803571429  0.6635714286  0.6705357143  0.6814285714  0.6600000000  0.6578571429  0.6533928571  0.6514285714  0.6507142857  0.6728571429  0.6525000000  0.6542857143  0.6389285714  0.6464285714  0.6392857143  0.6378571429  0.6255357143  0.6535714286  0.6308928571  0.6278571429  77.714285714  0.6093530428  1.7523322105  1700          0.0163183475 
0.6789285714  0.6621428571  0.6703571429  0.6814285714  0.6600000000  0.6564285714  0.6535714286  0.6528571429  0.6508928571  0.6692857143  0.6530357143  0.6535714286  0.6391071429  0.6478571429  0.6378571429  0.6357142857  0.6253571429  0.6557142857  0.6307142857  0.6271428571  82.285714285  0.6059427971  1.7523322105  1800          0.0162976193 
0.6792857143  0.6607142857  0.6717857143  0.6807142857  0.6598214286  0.6571428571  0.6535714286  0.6507142857  0.6510714286  0.6707142857  0.6526785714  0.6550000000  0.6389285714  0.6485714286  0.6394642857  0.6364285714  0.6255357143  0.6550000000  0.6316071429  0.6264285714  86.857142857  0.6050943059  1.7523322105  1900          0.0165534949 
0.6750000000  0.6571428571  0.6671428571  0.6807142857  0.6625000000  0.6585714286  0.6548214286  0.6478571429  0.6516071429  0.6800000000  0.6589285714  0.6635714286  0.6496428571  0.6564285714  0.6498214286  0.6492857143  0.6453571429  0.6735714286  0.6510714286  0.6442857143  91.428571428  0.5996398532  1.7523322105  2000          0.0161470008 
0.6950000000  0.6864285714  0.6914285714  0.6950000000  0.6796428571  0.6757142857  0.6687500000  0.6678571429  0.6657142857  0.6971428571  0.6614285714  0.6778571429  0.6557142857  0.6635714286  0.6444642857  0.6450000000  0.6341071429  0.6535714286  0.6385714286  0.6192857143  96.000000000  0.6054312140  1.7523322105  2100          0.0166068912 
0.6530357143  0.6264285714  0.6426785714  0.6507142857  0.6526785714  0.6428571429  0.6464285714  0.6435714286  0.6557142857  0.6785714286  0.6680357143  0.6671428571  0.6637500000  0.6700000000  0.6776785714  0.6635714286  0.6676785714  0.6907142857  0.6914285714  0.6714285714  100.57142857  0.5950517160  1.7523322105  2200          0.0165331507 
0.6533928571  0.6257142857  0.6423214286  0.6507142857  0.6519642857  0.6442857143  0.6455357143  0.6464285714  0.6555357143  0.6785714286  0.6685714286  0.6650000000  0.6632142857  0.6707142857  0.6773214286  0.6642857143  0.6685714286  0.6914285714  0.6907142857  0.6700000000  105.14285714  0.5888881192  1.7523322105  2300          0.0164605403 
0.6716071429  0.6392857143  0.6621428571  0.6635714286  0.6662500000  0.6635714286  0.6557142857  0.6478571429  0.6580357143  0.6771428571  0.6642857143  0.6628571429  0.6550000000  0.6635714286  0.6644642857  0.6492857143  0.6491071429  0.6721428571  0.6639285714  0.6600000000  109.71428571  0.5902208349  1.7523322105  2400          0.0166151094 
0.6960714286  0.6657142857  0.6851785714  0.6828571429  0.6830357143  0.6771428571  0.6651785714  0.6621428571  0.6637500000  0.6850000000  0.6653571429  0.6678571429  0.6528571429  0.6614285714  0.6560714286  0.6442857143  0.6366071429  0.6592857143  0.6462500000  0.6450000000  114.28571428  0.5824771142  1.7523322105  2500          0.0160826302 
0.6964285714  0.6664285714  0.6866071429  0.6828571429  0.6828571429  0.6778571429  0.6650000000  0.6650000000  0.6646428571  0.6850000000  0.6653571429  0.6700000000  0.6535714286  0.6607142857  0.6553571429  0.6428571429  0.6371428571  0.6607142857  0.6458928571  0.6450000000  118.85714285  0.5765542638  1.7523322105  2600          0.0161357951 
0.7092857143  0.6878571429  0.6980357143  0.6978571429  0.6919642857  0.6892857143  0.6744642857  0.6707142857  0.6716071429  0.6978571429  0.6691071429  0.6707142857  0.6564285714  0.6642857143  0.6530357143  0.6428571429  0.6319642857  0.6564285714  0.6380357143  0.6335714286  123.42857142  0.5733341575  1.7523322105  2700          0.0160743904 
0.7219642857  0.6985714286  0.7108928571  0.7085714286  0.6969642857  0.6985714286  0.6832142857  0.6814285714  0.6746428571  0.7000000000  0.6658928571  0.6707142857  0.6537500000  0.6650000000  0.6442857143  0.6385714286  0.6230357143  0.6457142857  0.6207142857  0.6164285714  128.00000000  0.5787426832  1.7523322105  2800          0.0168432212 
0.7219642857  0.7014285714  0.7098214286  0.7114285714  0.6971428571  0.6978571429  0.6821428571  0.6807142857  0.6735714286  0.7000000000  0.6655357143  0.6707142857  0.6537500000  0.6650000000  0.6450000000  0.6371428571  0.6226785714  0.6457142857  0.6200000000  0.6157142857  132.57142857  0.5695271635  1.7523322105  2900          0.0163052654 
0.7358928571  0.7100000000  0.7228571429  0.7192857143  0.7057142857  0.7000000000  0.6880357143  0.6850000000  0.6748214286  0.7042857143  0.6666071429  0.6700000000  0.6496428571  0.6628571429  0.6391071429  0.6364285714  0.6150000000  0.6264285714  0.6112500000  0.6007142857  137.14285714  0.5624459267  1.7523322105  3000          0.0171257257 
0.7348214286  0.7107142857  0.7226785714  0.7192857143  0.7064285714  0.7007142857  0.6882142857  0.6835714286  0.6755357143  0.7035714286  0.6664285714  0.6692857143  0.6498214286  0.6628571429  0.6387500000  0.6378571429  0.6141071429  0.6278571429  0.6108928571  0.6014285714  141.71428571  0.5747699991  1.7523322105  3100          0.0169879127 
0.7357142857  0.7092857143  0.7228571429  0.7185714286  0.7062500000  0.7000000000  0.6878571429  0.6835714286  0.6750000000  0.7042857143  0.6667857143  0.6700000000  0.6498214286  0.6635714286  0.6389285714  0.6378571429  0.6137500000  0.6257142857  0.6105357143  0.6007142857  146.28571428  0.5665787846  1.7523322105  3200          0.0170793414 
0.7121428571  0.6878571429  0.6928571429  0.6971428571  0.6842857143  0.6835714286  0.6750000000  0.6757142857  0.6708928571  0.7071428571  0.6696428571  0.6800000000  0.6632142857  0.6757142857  0.6553571429  0.6535714286  0.6483928571  0.6678571429  0.6476785714  0.6407142857  150.85714285  0.5631910372  1.7523322105  3300          0.0167031384 
0.7117857143  0.6878571429  0.6933928571  0.6971428571  0.6848214286  0.6814285714  0.6748214286  0.6735714286  0.6705357143  0.7071428571  0.6689285714  0.6821428571  0.6632142857  0.6757142857  0.6550000000  0.6514285714  0.6482142857  0.6664285714  0.6476785714  0.6414285714  155.42857142  0.5609084013  1.7523322105  3400          0.0162856364 
0.7005357143  0.6642857143  0.6783928571  0.6842857143  0.6771428571  0.6807142857  0.6751785714  0.6778571429  0.6655357143  0.7000000000  0.6701785714  0.6735714286  0.6605357143  0.6700000000  0.6714285714  0.6585714286  0.6601785714  0.6850000000  0.6762500000  0.6685714286  160.00000000  0.5611816239  1.7523322105  3500          0.0161231017 
0.6996428571  0.6642857143  0.6785714286  0.6821428571  0.6773214286  0.6828571429  0.6757142857  0.6778571429  0.6657142857  0.6985714286  0.6701785714  0.6742857143  0.6607142857  0.6700000000  0.6708928571  0.6592857143  0.6605357143  0.6864285714  0.6760714286  0.6678571429  164.57142857  0.5483555499  1.7523322105  3600          0.0166305542 
0.6998214286  0.6642857143  0.6791071429  0.6835714286  0.6769642857  0.6828571429  0.6751785714  0.6764285714  0.6651785714  0.6985714286  0.6694642857  0.6742857143  0.6610714286  0.6692857143  0.6716071429  0.6607142857  0.6607142857  0.6850000000  0.6769642857  0.6678571429  169.14285714  0.5437499318  1.7523322105  3700          0.0161924791 
0.7308928571  0.6971428571  0.7076785714  0.7114285714  0.6973214286  0.7014285714  0.6869642857  0.6914285714  0.6771428571  0.7121428571  0.6735714286  0.6771428571  0.6576785714  0.6678571429  0.6519642857  0.6392857143  0.6341071429  0.6607142857  0.6401785714  0.6271428571  173.71428571  0.5390801156  1.7523322105  3800          0.0158027363 
0.7312500000  0.6985714286  0.7073214286  0.7128571429  0.6973214286  0.7028571429  0.6867857143  0.6907142857  0.6775000000  0.7114285714  0.6742857143  0.6771428571  0.6575000000  0.6671428571  0.6523214286  0.6392857143  0.6342857143  0.6614285714  0.6400000000  0.6264285714  178.28571428  0.5459200937  1.7523322105  3900          0.0160478830 
0.7230357143  0.6907142857  0.7035714286  0.7028571429  0.6917857143  0.6892857143  0.6885714286  0.6842857143  0.6771428571  0.7164285714  0.6708928571  0.6764285714  0.6619642857  0.6707142857  0.6539285714  0.6464285714  0.6416071429  0.6714285714  0.6494642857  0.6407142857  182.85714285  0.5377230301  1.7523322105  4000          0.0160718203 
0.7232142857  0.6907142857  0.7039285714  0.7021428571  0.6925000000  0.6907142857  0.6887500000  0.6857142857  0.6767857143  0.7164285714  0.6705357143  0.6778571429  0.6617857143  0.6707142857  0.6542857143  0.6471428571  0.6428571429  0.6714285714  0.6492857143  0.6407142857  187.42857142  0.5421167541  1.7523322105  4100          0.0168192625 
0.7166071429  0.6821428571  0.6948214286  0.6971428571  0.6885714286  0.6814285714  0.6825000000  0.6814285714  0.6762500000  0.7064285714  0.6721428571  0.6750000000  0.6607142857  0.6692857143  0.6678571429  0.6542857143  0.6516071429  0.6800000000  0.6646428571  0.6535714286  192.00000000  0.5414297298  1.7523322105  4200          0.0173991013 
0.7167857143  0.6828571429  0.6951785714  0.6964285714  0.6883928571  0.6828571429  0.6830357143  0.6800000000  0.6758928571  0.7064285714  0.6723214286  0.6764285714  0.6612500000  0.6685714286  0.6676785714  0.6542857143  0.6519642857  0.6800000000  0.6650000000  0.6521428571  196.57142857  0.5354684615  1.7523322105  4300          0.0174471092 
0.7167857143  0.6828571429  0.6946428571  0.6971428571  0.6889285714  0.6828571429  0.6825000000  0.6807142857  0.6757142857  0.7057142857  0.6717857143  0.6764285714  0.6603571429  0.6707142857  0.6680357143  0.6557142857  0.6516071429  0.6792857143  0.6644642857  0.6521428571  201.14285714  0.5290659577  1.7523322105  4400          0.0161283541 
0.7164285714  0.6821428571  0.6948214286  0.6971428571  0.6887500000  0.6842857143  0.6825000000  0.6800000000  0.6764285714  0.7050000000  0.6723214286  0.6750000000  0.6610714286  0.6671428571  0.6673214286  0.6550000000  0.6525000000  0.6792857143  0.6648214286  0.6542857143  205.71428571  0.5266211084  1.7523322105  4500          0.0166440916 
0.7185714286  0.6792857143  0.6978571429  0.6921428571  0.6928571429  0.6800000000  0.6866071429  0.6878571429  0.6789285714  0.7207142857  0.6769642857  0.6778571429  0.6676785714  0.6842857143  0.6755357143  0.6628571429  0.6610714286  0.6871428571  0.6676785714  0.6557142857  210.28571428  0.5312659839  1.7523322105  4600          0.0159780407 
0.7180357143  0.6764285714  0.6926785714  0.6878571429  0.6848214286  0.6785714286  0.6821428571  0.6814285714  0.6760714286  0.7128571429  0.6725000000  0.6821428571  0.6657142857  0.6785714286  0.6707142857  0.6578571429  0.6612500000  0.6814285714  0.6733928571  0.6578571429  214.85714285  0.5224975818  1.7523322105  4700          0.0163305616 
0.7244642857  0.6828571429  0.6967857143  0.6907142857  0.6871428571  0.6842857143  0.6846428571  0.6814285714  0.6760714286  0.7107142857  0.6712500000  0.6871428571  0.6657142857  0.6764285714  0.6639285714  0.6550000000  0.6553571429  0.6721428571  0.6662500000  0.6514285714  219.42857142  0.5123753503  1.7523322105  4800          0.0167237663 
0.7250000000  0.6842857143  0.6971428571  0.6878571429  0.6876785714  0.6842857143  0.6846428571  0.6835714286  0.6764285714  0.7107142857  0.6705357143  0.6878571429  0.6655357143  0.6778571429  0.6635714286  0.6557142857  0.6550000000  0.6728571429  0.6664285714  0.6535714286  224.00000000  0.5161775905  1.7523322105  4900          0.0168338847 
0.7467857143  0.7042857143  0.7194642857  0.7164285714  0.7067857143  0.7042857143  0.6939285714  0.6900000000  0.6789285714  0.7092857143  0.6655357143  0.6742857143  0.6569642857  0.6664285714  0.6475000000  0.6378571429  0.6275000000  0.6392857143  0.6358928571  0.6185714286  228.57142857  0.5162996766  1.7523322105  5000          0.0172713947 
0.7467857143  0.7042857143  0.7196428571  0.7157142857  0.7069642857  0.7021428571  0.6951785714  0.6907142857  0.6778571429  0.7100000000  0.6660714286  0.6735714286  0.6573214286  0.6664285714  0.6478571429  0.6378571429  0.6264285714  0.6385714286  0.6366071429  0.6171428571  233.14285714  0.5058480966  1.7523322105  5100          0.0166879988 
0.7458928571  0.6935714286  0.7153571429  0.7135714286  0.7035714286  0.6971428571  0.6917857143  0.6871428571  0.6769642857  0.7085714286  0.6671428571  0.6714285714  0.6580357143  0.6671428571  0.6494642857  0.6442857143  0.6298214286  0.6378571429  0.6378571429  0.6221428571  237.71428571  0.5090873605  1.7523322105  5200          0.0168235874 
0.7435714286  0.6807142857  0.7078571429  0.7035714286  0.6969642857  0.6950000000  0.6853571429  0.6828571429  0.6737500000  0.7071428571  0.6623214286  0.6671428571  0.6594642857  0.6707142857  0.6492857143  0.6514285714  0.6357142857  0.6450000000  0.6417857143  0.6335714286  242.28571428  0.5123683336  1.7523322105  5300          0.0167663264 
0.7432142857  0.6807142857  0.7075000000  0.7035714286  0.6976785714  0.6964285714  0.6858928571  0.6835714286  0.6739285714  0.7071428571  0.6619642857  0.6671428571  0.6591071429  0.6714285714  0.6492857143  0.6528571429  0.6355357143  0.6457142857  0.6430357143  0.6321428571  246.85714285  0.5021832886  1.7523322105  5400          0.0159988523 
0.7433928571  0.6814285714  0.7078571429  0.7028571429  0.6975000000  0.6950000000  0.6860714286  0.6842857143  0.6735714286  0.7078571429  0.6625000000  0.6678571429  0.6592857143  0.6700000000  0.6491071429  0.6528571429  0.6358928571  0.6450000000  0.6419642857  0.6342857143  251.42857142  0.4928511852  1.7523322105  5500          0.0160143113 
BEST
env0_in_acc   env0_out_acc  env1_in_acc   env1_out_acc  env2_in_acc   env2_out_acc  env3_in_acc   env3_out_acc  env4_in_acc   env4_out_acc  env5_in_acc   env5_out_acc  env6_in_acc   env6_out_acc  env7_in_acc   env7_out_acc  env8_in_acc   env8_out_acc  env9_in_acc   env9_out_acc  epoch         loss          mem_gb        step          step_time    
0.7467857143  0.7042857143  0.7194642857  0.7164285714  0.7067857143  0.7042857143  0.6939285714  0.6900000000  0.6789285714  0.7092857143  0.6655357143  0.6742857143  0.6569642857  0.6664285714  0.6475000000  0.6378571429  0.6275000000  0.6392857143  0.6358928571  0.6185714286  228.57142857  0.5162996766  1.7523322105  5000          0.0172713947 
beginning
sampler
weights
batch_sampler
infinite_iterator
building uda loaders
building out loaders
env0_in_acc   env0_out_acc  env1_in_acc   env1_out_acc  env2_in_acc   env2_out_acc  env3_in_acc   env3_out_acc  env4_in_acc   env4_out_acc  env5_in_acc   env5_out_acc  env6_in_acc   env6_out_acc  env7_in_acc   env7_out_acc  env8_in_acc   env8_out_acc  env9_in_acc   env9_out_acc  epoch         loss          mem_gb        step          step_time    
0.1673214286  0.1792857143  0.1666071429  0.1571428571  0.2494642857  0.2614285714  0.3339285714  0.3500000000  0.4232142857  0.4100000000  0.5050000000  0.5085714286  0.5864285714  0.5857142857  0.6791071429  0.6821428571  0.7698214286  0.7600000000  0.8376785714  0.8557142857  0.0000000000  1.3329672813  1.7523322105  0             0.4647758007 
0.3519642857  0.3607142857  0.3508928571  0.3535714286  0.3958928571  0.3928571429  0.4444642857  0.4621428571  0.5041071429  0.4950000000  0.5580357143  0.5614285714  0.6062500000  0.6085714286  0.6544642857  0.6478571429  0.7178571429  0.7028571429  0.7471428571  0.7485714286  4.5714285714  0.9779706323  1.7523322105  100           0.0166181254 
0.5776785714  0.5942857143  0.5785714286  0.5807142857  0.5787500000  0.5857142857  0.5780357143  0.5928571429  0.5942857143  0.6121428571  0.6012500000  0.5928571429  0.6044642857  0.6171428571  0.6108928571  0.6200000000  0.6151785714  0.6185714286  0.6069642857  0.6400000000  9.1428571429  0.7361517024  1.7523322105  200           0.0158716917 
0.5864285714  0.5878571429  0.5817857143  0.5757142857  0.5898214286  0.5814285714  0.5880357143  0.6000000000  0.6083928571  0.6171428571  0.6175000000  0.6092857143  0.6146428571  0.6250000000  0.6317857143  0.6321428571  0.6308928571  0.6471428571  0.6282142857  0.6564285714  13.714285714  0.6956248814  1.7523322105  300           0.0158294725 
0.6169642857  0.6100000000  0.6094642857  0.6000000000  0.6100000000  0.5942857143  0.6028571429  0.6285714286  0.6153571429  0.6185714286  0.6125000000  0.6014285714  0.6128571429  0.6128571429  0.6085714286  0.5878571429  0.6089285714  0.6185714286  0.5998214286  0.6221428571  18.285714285  0.6784498549  1.7523322105  400           0.0160715461 
0.6619642857  0.6671428571  0.6507142857  0.6478571429  0.6442857143  0.6542857143  0.6271428571  0.6442857143  0.6257142857  0.6300000000  0.6117857143  0.6100000000  0.6110714286  0.6121428571  0.5908928571  0.5814285714  0.5817857143  0.5892857143  0.5642857143  0.5792857143  22.857142857  0.6659358424  1.7523322105  500           0.0158873796 
0.6630357143  0.6700000000  0.6525000000  0.6514285714  0.6437500000  0.6521428571  0.6285714286  0.6435714286  0.6255357143  0.6278571429  0.6141071429  0.6114285714  0.6110714286  0.6164285714  0.5937500000  0.5757142857  0.5823214286  0.5857142857  0.5605357143  0.5757142857  27.428571428  0.6616536230  1.7523322105  600           0.0160958290 
0.6628571429  0.6692857143  0.6519642857  0.6535714286  0.6417857143  0.6571428571  0.6282142857  0.6464285714  0.6242857143  0.6350000000  0.6130357143  0.6085714286  0.6089285714  0.6135714286  0.5923214286  0.5792857143  0.5817857143  0.5864285714  0.5628571429  0.5821428571  32.000000000  0.6531722051  1.7523322105  700           0.0159574962 
0.6303571429  0.6300000000  0.6248214286  0.6214285714  0.6278571429  0.6142857143  0.6162500000  0.6507142857  0.6314285714  0.6335714286  0.6273214286  0.6207142857  0.6282142857  0.6328571429  0.6362500000  0.6100000000  0.6335714286  0.6328571429  0.6207142857  0.6385714286  36.571428571  0.6450250167  1.7523322105  800           0.0157022738 
0.6271428571  0.6228571429  0.6208928571  0.6200000000  0.6226785714  0.6135714286  0.6171428571  0.6464285714  0.6341071429  0.6378571429  0.6280357143  0.6221428571  0.6371428571  0.6371428571  0.6419642857  0.6264285714  0.6425000000  0.6400000000  0.6319642857  0.6492857143  41.142857142  0.6432959390  1.7523322105  900           0.0157442260 
0.6282142857  0.6257142857  0.6205357143  0.6214285714  0.6235714286  0.6200000000  0.6157142857  0.6478571429  0.6335714286  0.6371428571  0.6319642857  0.6264285714  0.6385714286  0.6314285714  0.6403571429  0.6235714286  0.6410714286  0.6414285714  0.6350000000  0.6478571429  45.714285714  0.6400924075  1.7523322105  1000          0.0162591290 
0.6433928571  0.6464285714  0.6362500000  0.6342857143  0.6392857143  0.6292857143  0.6250000000  0.6607142857  0.6430357143  0.6478571429  0.6416071429  0.6321428571  0.6407142857  0.6407142857  0.6419642857  0.6178571429  0.6392857143  0.6364285714  0.6296428571  0.6457142857  50.285714285  0.6376957482  1.7523322105  1100          0.0161650395 
0.6626785714  0.6564285714  0.6523214286  0.6492857143  0.6521428571  0.6378571429  0.6364285714  0.6628571429  0.6491071429  0.6564285714  0.6473214286  0.6335714286  0.6419642857  0.6464285714  0.6451785714  0.6264285714  0.6380357143  0.6335714286  0.6267857143  0.6500000000  54.857142857  0.6314529699  1.7523322105  1200          0.0164069104 
0.6460714286  0.6407142857  0.6303571429  0.6285714286  0.6335714286  0.6314285714  0.6232142857  0.6614285714  0.6464285714  0.6535714286  0.6405357143  0.6350000000  0.6460714286  0.6485714286  0.6494642857  0.6321428571  0.6516071429  0.6478571429  0.6410714286  0.6657142857  59.428571428  0.6192217416  1.7523322105  1300          0.0163093662 
0.6453571429  0.6407142857  0.6301785714  0.6278571429  0.6330357143  0.6292857143  0.6217857143  0.6564285714  0.6453571429  0.6557142857  0.6428571429  0.6357142857  0.6442857143  0.6564285714  0.6501785714  0.6292857143  0.6535714286  0.6457142857  0.6414285714  0.6650000000  64.000000000  0.6209184021  1.7523322105  1400          0.0160624933 
0.6444642857  0.6407142857  0.6282142857  0.6242857143  0.6362500000  0.6307142857  0.6239285714  0.6578571429  0.6462500000  0.6535714286  0.6423214286  0.6392857143  0.6482142857  0.6507142857  0.6483928571  0.6350000000  0.6530357143  0.6428571429  0.6428571429  0.6628571429  68.571428571  0.6107489163  1.7523322105  1500          0.0161331415 
0.6467857143  0.6385714286  0.6307142857  0.6278571429  0.6366071429  0.6278571429  0.6237500000  0.6571428571  0.6469642857  0.6521428571  0.6432142857  0.6350000000  0.6478571429  0.6550000000  0.6487500000  0.6328571429  0.6525000000  0.6457142857  0.6417857143  0.6628571429  73.142857142  0.6171615231  1.7523322105  1600          0.0162636185 
0.6453571429  0.6428571429  0.6310714286  0.6264285714  0.6346428571  0.6307142857  0.6217857143  0.6578571429  0.6450000000  0.6528571429  0.6416071429  0.6364285714  0.6475000000  0.6514285714  0.6512500000  0.6342857143  0.6553571429  0.6428571429  0.6407142857  0.6614285714  77.714285714  0.6099336672  1.7523322105  1700          0.0160619259 
0.6464285714  0.6364285714  0.6335714286  0.6285714286  0.6389285714  0.6321428571  0.6235714286  0.6614285714  0.6464285714  0.6514285714  0.6464285714  0.6464285714  0.6525000000  0.6542857143  0.6541071429  0.6378571429  0.6614285714  0.6507142857  0.6530357143  0.6714285714  82.285714285  0.6054465395  1.7523322105  1800          0.0158470559 
0.6632142857  0.6564285714  0.6492857143  0.6464285714  0.6542857143  0.6464285714  0.6332142857  0.6621428571  0.6500000000  0.6557142857  0.6489285714  0.6478571429  0.6508928571  0.6607142857  0.6478571429  0.6292857143  0.6533928571  0.6492857143  0.6407142857  0.6571428571  86.857142857  0.5980084121  1.7523322105  1900          0.0157586932 
0.6633928571  0.6507142857  0.6483928571  0.6457142857  0.6519642857  0.6400000000  0.6330357143  0.6657142857  0.6489285714  0.6500000000  0.6491071429  0.6478571429  0.6496428571  0.6557142857  0.6491071429  0.6271428571  0.6526785714  0.6464285714  0.6417857143  0.6528571429  91.428571428  0.5965737849  1.7523322105  2000          0.0164454412 
0.6657142857  0.6535714286  0.6442857143  0.6471428571  0.6550000000  0.6464285714  0.6373214286  0.6685714286  0.6498214286  0.6600000000  0.6510714286  0.6500000000  0.6560714286  0.6578571429  0.6532142857  0.6335714286  0.6614285714  0.6471428571  0.6473214286  0.6585714286  96.000000000  0.5922570527  1.7523322105  2100          0.0159598255 
0.6478571429  0.6414285714  0.6321428571  0.6278571429  0.6412500000  0.6335714286  0.6276785714  0.6578571429  0.6500000000  0.6600000000  0.6525000000  0.6507142857  0.6601785714  0.6657142857  0.6671428571  0.6485714286  0.6807142857  0.6600000000  0.6725000000  0.6935714286  100.57142857  0.5984193909  1.7523322105  2200          0.0157348704 
0.6680357143  0.6535714286  0.6478571429  0.6550000000  0.6578571429  0.6528571429  0.6396428571  0.6657142857  0.6521428571  0.6578571429  0.6510714286  0.6514285714  0.6573214286  0.6621428571  0.6525000000  0.6364285714  0.6582142857  0.6400000000  0.6453571429  0.6657142857  105.14285714  0.5856377602  1.7523322105  2300          0.0160048103 
0.6530357143  0.6292857143  0.6305357143  0.6221428571  0.6389285714  0.6328571429  0.6303571429  0.6657142857  0.6492857143  0.6650000000  0.6505357143  0.6464285714  0.6635714286  0.6600000000  0.6664285714  0.6414285714  0.6708928571  0.6557142857  0.6617857143  0.6721428571  109.71428571  0.5869016770  1.7523322105  2400          0.0157502317 
0.6510714286  0.6264285714  0.6296428571  0.6228571429  0.6376785714  0.6321428571  0.6289285714  0.6664285714  0.6483928571  0.6650000000  0.6501785714  0.6485714286  0.6632142857  0.6585714286  0.6660714286  0.6435714286  0.6728571429  0.6542857143  0.6635714286  0.6721428571  114.28571428  0.5752712312  1.7523322105  2500          0.0172182536 
0.6517857143  0.6257142857  0.6303571429  0.6264285714  0.6407142857  0.6314285714  0.6280357143  0.6664285714  0.6494642857  0.6664285714  0.6496428571  0.6492857143  0.6610714286  0.6585714286  0.6664285714  0.6457142857  0.6723214286  0.6542857143  0.6626785714  0.6764285714  118.85714285  0.5817817026  1.7523322105  2600          0.0158961749 
0.7269642857  0.7150000000  0.7016071429  0.7078571429  0.7067857143  0.7028571429  0.6787500000  0.6935714286  0.6732142857  0.6821428571  0.6558928571  0.6592857143  0.6469642857  0.6500000000  0.6301785714  0.6228571429  0.6160714286  0.5992857143  0.5916071429  0.6185714286  123.42857142  0.5777695072  1.7523322105  2700          0.0161925888 
0.7278571429  0.7128571429  0.7019642857  0.7092857143  0.7058928571  0.7021428571  0.6789285714  0.6928571429  0.6710714286  0.6757142857  0.6580357143  0.6578571429  0.6446428571  0.6492857143  0.6328571429  0.6228571429  0.6112500000  0.6100000000  0.5951785714  0.6235714286  128.00000000  0.5745878255  1.7523322105  2800          0.0160586166 
0.6719642857  0.6450000000  0.6410714286  0.6478571429  0.6573214286  0.6478571429  0.6421428571  0.6692857143  0.6560714286  0.6692857143  0.6555357143  0.6500000000  0.6626785714  0.6564285714  0.6642857143  0.6414285714  0.6630357143  0.6564285714  0.6551785714  0.6792857143  132.57142857  0.5681695065  1.7523322105  2900          0.0157437873 
0.6712500000  0.6450000000  0.6426785714  0.6478571429  0.6571428571  0.6521428571  0.6416071429  0.6678571429  0.6539285714  0.6707142857  0.6564285714  0.6535714286  0.6619642857  0.6557142857  0.6621428571  0.6385714286  0.6635714286  0.6485714286  0.6541071429  0.6757142857  137.14285714  0.5684900126  1.7523322105  3000          0.0162154794 
0.6707142857  0.6457142857  0.6432142857  0.6442857143  0.6587500000  0.6528571429  0.6403571429  0.6671428571  0.6553571429  0.6700000000  0.6562500000  0.6485714286  0.6617857143  0.6564285714  0.6641071429  0.6392857143  0.6616071429  0.6535714286  0.6546428571  0.6785714286  141.71428571  0.5571072030  1.7523322105  3100          0.0161208177 
0.6703571429  0.6457142857  0.6437500000  0.6471428571  0.6567857143  0.6500000000  0.6410714286  0.6671428571  0.6535714286  0.6685714286  0.6582142857  0.6514285714  0.6607142857  0.6592857143  0.6642857143  0.6385714286  0.6635714286  0.6521428571  0.6557142857  0.6757142857  146.28571428  0.5568693122  1.7523322105  3200          0.0161088729 
0.6930357143  0.6750000000  0.6671428571  0.6685714286  0.6782142857  0.6671428571  0.6567857143  0.6735714286  0.6673214286  0.6842857143  0.6621428571  0.6578571429  0.6616071429  0.6671428571  0.6626785714  0.6407142857  0.6575000000  0.6421428571  0.6487500000  0.6714285714  150.85714285  0.5525290725  1.7523322105  3300          0.0163869953 
0.7150000000  0.6921428571  0.6892857143  0.6900000000  0.6937500000  0.6835714286  0.6717857143  0.6878571429  0.6717857143  0.6785714286  0.6592857143  0.6621428571  0.6533928571  0.6521428571  0.6421428571  0.6271428571  0.6271428571  0.6285714286  0.6153571429  0.6321428571  155.42857142  0.5511147413  1.7523322105  3400          0.0162519884 
0.7148214286  0.6907142857  0.6882142857  0.6892857143  0.6900000000  0.6835714286  0.6728571429  0.6871428571  0.6705357143  0.6821428571  0.6585714286  0.6585714286  0.6535714286  0.6542857143  0.6439285714  0.6235714286  0.6289285714  0.6285714286  0.6155357143  0.6321428571  160.00000000  0.5530131811  1.7523322105  3500          0.0161492491 
0.7157142857  0.6892857143  0.6882142857  0.6892857143  0.6935714286  0.6864285714  0.6730357143  0.6900000000  0.6692857143  0.6800000000  0.6583928571  0.6642857143  0.6517857143  0.6528571429  0.6439285714  0.6228571429  0.6283928571  0.6257142857  0.6128571429  0.6335714286  164.57142857  0.5474245399  1.7523322105  3600          0.0159798336 
0.7157142857  0.6907142857  0.6880357143  0.6900000000  0.6941071429  0.6850000000  0.6726785714  0.6885714286  0.6703571429  0.6814285714  0.6583928571  0.6614285714  0.6548214286  0.6528571429  0.6441071429  0.6242857143  0.6278571429  0.6285714286  0.6144642857  0.6292857143  169.14285714  0.5485390338  1.7523322105  3700          0.0161387229 
0.7164285714  0.6935714286  0.6882142857  0.6900000000  0.6937500000  0.6850000000  0.6710714286  0.6928571429  0.6700000000  0.6814285714  0.6587500000  0.6614285714  0.6516071429  0.6550000000  0.6432142857  0.6200000000  0.6283928571  0.6257142857  0.6137500000  0.6292857143  173.71428571  0.5444969350  1.7523322105  3800          0.0159547639 
0.7148214286  0.6914285714  0.6873214286  0.6900000000  0.6941071429  0.6857142857  0.6714285714  0.6900000000  0.6710714286  0.6807142857  0.6601785714  0.6600000000  0.6537500000  0.6542857143  0.6432142857  0.6242857143  0.6275000000  0.6257142857  0.6142857143  0.6285714286  178.28571428  0.5457057279  1.7523322105  3900          0.0164065814 
0.7153571429  0.6914285714  0.6878571429  0.6892857143  0.6905357143  0.6857142857  0.6716071429  0.6900000000  0.6700000000  0.6792857143  0.6583928571  0.6621428571  0.6535714286  0.6528571429  0.6430357143  0.6221428571  0.6273214286  0.6264285714  0.6130357143  0.6350000000  182.85714285  0.5366904467  1.7523322105  4000          0.0159904504 
0.7158928571  0.6914285714  0.6873214286  0.6900000000  0.6917857143  0.6885714286  0.6707142857  0.6907142857  0.6717857143  0.6792857143  0.6583928571  0.6614285714  0.6539285714  0.6521428571  0.6437500000  0.6235714286  0.6291071429  0.6271428571  0.6151785714  0.6342857143  187.42857142  0.5245419484  1.7523322105  4100          0.0159559321 
0.7157142857  0.6900000000  0.6898214286  0.6900000000  0.6925000000  0.6871428571  0.6719642857  0.6942857143  0.6700000000  0.6792857143  0.6585714286  0.6585714286  0.6542857143  0.6528571429  0.6421428571  0.6271428571  0.6285714286  0.6292857143  0.6142857143  0.6307142857  192.00000000  0.5288235709  1.7523322105  4200          0.0155119610 
0.7141071429  0.6921428571  0.6880357143  0.6885714286  0.6910714286  0.6842857143  0.6719642857  0.6914285714  0.6701785714  0.6807142857  0.6600000000  0.6600000000  0.6530357143  0.6514285714  0.6414285714  0.6221428571  0.6283928571  0.6257142857  0.6150000000  0.6307142857  196.57142857  0.5310728413  1.7523322105  4300          0.0161014533 
0.7160714286  0.6900000000  0.6878571429  0.6907142857  0.6926785714  0.6835714286  0.6721428571  0.6900000000  0.6714285714  0.6807142857  0.6598214286  0.6607142857  0.6530357143  0.6550000000  0.6430357143  0.6235714286  0.6280357143  0.6242857143  0.6144642857  0.6321428571  201.14285714  0.5312214264  1.7523322105  4400          0.0161785364 
0.6994642857  0.6792857143  0.6708928571  0.6692857143  0.6812500000  0.6771428571  0.6632142857  0.6750000000  0.6685714286  0.6785714286  0.6650000000  0.6507142857  0.6610714286  0.6650000000  0.6619642857  0.6371428571  0.6562500000  0.6471428571  0.6469642857  0.6714285714  205.71428571  0.5264767656  1.7523322105  4500          0.0159809923 
0.7167857143  0.6957142857  0.6875000000  0.6864285714  0.6925000000  0.6821428571  0.6691071429  0.6785714286  0.6669642857  0.6800000000  0.6639285714  0.6514285714  0.6569642857  0.6628571429  0.6537500000  0.6257142857  0.6466071429  0.6321428571  0.6303571429  0.6564285714  210.28571428  0.5190409154  1.7523322105  4600          0.0160731840 
0.7064285714  0.6757142857  0.6680357143  0.6721428571  0.6775000000  0.6714285714  0.6630357143  0.6600000000  0.6703571429  0.6850000000  0.6646428571  0.6514285714  0.6644642857  0.6642857143  0.6607142857  0.6271428571  0.6516071429  0.6400000000  0.6444642857  0.6685714286  214.85714285  0.5198158556  1.7523322105  4700          0.0166348982 
0.7062500000  0.6757142857  0.6685714286  0.6728571429  0.6776785714  0.6721428571  0.6617857143  0.6585714286  0.6700000000  0.6864285714  0.6639285714  0.6471428571  0.6644642857  0.6671428571  0.6600000000  0.6264285714  0.6514285714  0.6400000000  0.6444642857  0.6671428571  219.42857142  0.5013921660  1.7523322105  4800          0.0163610339 
0.7082142857  0.6807142857  0.6719642857  0.6735714286  0.6844642857  0.6757142857  0.6653571429  0.6700000000  0.6650000000  0.6814285714  0.6628571429  0.6485714286  0.6630357143  0.6678571429  0.6625000000  0.6307142857  0.6542857143  0.6435714286  0.6439285714  0.6664285714  224.00000000  0.5115161785  1.7523322105  4900          0.0157451344 
0.7082142857  0.6821428571  0.6739285714  0.6792857143  0.6848214286  0.6742857143  0.6639285714  0.6707142857  0.6655357143  0.6764285714  0.6633928571  0.6514285714  0.6628571429  0.6671428571  0.6626785714  0.6328571429  0.6555357143  0.6457142857  0.6425000000  0.6692857143  228.57142857  0.5068787706  1.7523322105  5000          0.0157707500 
0.7005357143  0.6685714286  0.6621428571  0.6685714286  0.6750000000  0.6685714286  0.6575000000  0.6585714286  0.6642857143  0.6750000000  0.6607142857  0.6471428571  0.6633928571  0.6650000000  0.6633928571  0.6342857143  0.6575000000  0.6535714286  0.6537500000  0.6735714286  233.14285714  0.5031515923  1.7523322105  5100          0.0154938293 
0.7001785714  0.6685714286  0.6632142857  0.6692857143  0.6733928571  0.6707142857  0.6583928571  0.6600000000  0.6653571429  0.6764285714  0.6589285714  0.6478571429  0.6635714286  0.6650000000  0.6626785714  0.6328571429  0.6562500000  0.6485714286  0.6523214286  0.6742857143  237.71428571  0.5002884284  1.7523322105  5200          0.0163858414 
0.7250000000  0.6792857143  0.6791071429  0.6900000000  0.6837500000  0.6814285714  0.6701785714  0.6785714286  0.6666071429  0.6800000000  0.6525000000  0.6535714286  0.6592857143  0.6535714286  0.6423214286  0.6114285714  0.6310714286  0.6371428571  0.6182142857  0.6350000000  242.28571428  0.5092074686  1.7523322105  5300          0.0157893300 
0.7255357143  0.6785714286  0.6776785714  0.6907142857  0.6846428571  0.6821428571  0.6683928571  0.6764285714  0.6685714286  0.6814285714  0.6526785714  0.6550000000  0.6560714286  0.6650000000  0.6410714286  0.6114285714  0.6335714286  0.6371428571  0.6241071429  0.6292857143  246.85714285  0.4997420803  1.7523322105  5400          0.0167908144 
0.7269642857  0.6814285714  0.6800000000  0.6935714286  0.6826785714  0.6821428571  0.6689285714  0.6807142857  0.6685714286  0.6778571429  0.6537500000  0.6557142857  0.6589285714  0.6664285714  0.6430357143  0.6142857143  0.6333928571  0.6400000000  0.6221428571  0.6292857143  251.42857142  0.4947134769  1.7523322105  5500          0.0160271811 
BEST
env0_in_acc   env0_out_acc  env1_in_acc   env1_out_acc  env2_in_acc   env2_out_acc  env3_in_acc   env3_out_acc  env4_in_acc   env4_out_acc  env5_in_acc   env5_out_acc  env6_in_acc   env6_out_acc  env7_in_acc   env7_out_acc  env8_in_acc   env8_out_acc  env9_in_acc   env9_out_acc  epoch         loss          mem_gb        step          step_time    
0.7082142857  0.6821428571  0.6739285714  0.6792857143  0.6848214286  0.6742857143  0.6639285714  0.6707142857  0.6655357143  0.6764285714  0.6633928571  0.6514285714  0.6628571429  0.6671428571  0.6626785714  0.6328571429  0.6555357143  0.6457142857  0.6425000000  0.6692857143  228.57142857  0.5068787706  1.7523322105  5000          0.0157707500 
beginning
sampler
weights
batch_sampler
infinite_iterator
building uda loaders
building out loaders
env0_in_acc   env0_out_acc  env1_in_acc   env1_out_acc  env2_in_acc   env2_out_acc  env3_in_acc   env3_out_acc  env4_in_acc   env4_out_acc  env5_in_acc   env5_out_acc  env6_in_acc   env6_out_acc  env7_in_acc   env7_out_acc  env8_in_acc   env8_out_acc  env9_in_acc   env9_out_acc  epoch         loss          mem_gb        step          step_time    
0.4967857143  0.4992857143  0.4873214286  0.5092857143  0.4955357143  0.5021428571  0.5023214286  0.5078571429  0.4864285714  0.5085714286  0.5014285714  0.4907142857  0.4910714286  0.4707142857  0.4958928571  0.5071428571  0.5019642857  0.4800000000  0.5033928571  0.4871428571  0.0000000000  1.4992840290  1.7523322105  0             0.3537974358 
0.6533928571  0.6450000000  0.6469642857  0.6364285714  0.6210714286  0.6185714286  0.5987500000  0.6028571429  0.5766071429  0.5535714286  0.5421428571  0.5585714286  0.5358928571  0.5400000000  0.4912500000  0.4921428571  0.4850000000  0.4700000000  0.4569642857  0.4250000000  4.5714285714  1.0402275622  1.7523322105  100           0.0158793616 
0.7155357143  0.7121428571  0.7094642857  0.7042857143  0.6757142857  0.6707142857  0.6423214286  0.6607142857  0.6094642857  0.6042857143  0.5730357143  0.5821428571  0.5442857143  0.5435714286  0.4976785714  0.5092857143  0.4778571429  0.4450000000  0.4417857143  0.4157142857  9.1428571429  0.7362070113  1.7523322105  200           0.0158733797 
0.6642857143  0.6685714286  0.6612500000  0.6614285714  0.6405357143  0.6421428571  0.6191071429  0.6535714286  0.6166071429  0.6271428571  0.5982142857  0.6171428571  0.5798214286  0.5721428571  0.5644642857  0.5678571429  0.5566071429  0.5335714286  0.5437500000  0.5271428571  13.714285714  0.6968622595  1.7523322105  300           0.0158329940 
0.6628571429  0.6671428571  0.6587500000  0.6607142857  0.6387500000  0.6442857143  0.6196428571  0.6514285714  0.6153571429  0.6264285714  0.5955357143  0.6164285714  0.5785714286  0.5735714286  0.5635714286  0.5664285714  0.5582142857  0.5328571429  0.5412500000  0.5285714286  18.285714285  0.6795649248  1.7523322105  400           0.0157506347 
0.7305357143  0.7278571429  0.7296428571  0.7250000000  0.6994642857  0.7121428571  0.6639285714  0.6928571429  0.6323214286  0.6457142857  0.6012500000  0.6278571429  0.5746428571  0.5657142857  0.5410714286  0.5378571429  0.5158928571  0.4871428571  0.4862500000  0.4678571429  22.857142857  0.6692404932  1.7523322105  500           0.0162416196 
0.6217857143  0.6278571429  0.6201785714  0.6064285714  0.6205357143  0.6214285714  0.6108928571  0.6221428571  0.6235714286  0.6228571429  0.6255357143  0.6221428571  0.6228571429  0.6171428571  0.6257142857  0.6264285714  0.6341071429  0.5985714286  0.6348214286  0.6157142857  27.428571428  0.6591799021  1.7523322105  600           0.0163114285 
0.6225000000  0.6300000000  0.6201785714  0.6064285714  0.6192857143  0.6171428571  0.6108928571  0.6228571429  0.6239285714  0.6285714286  0.6250000000  0.6250000000  0.6241071429  0.6100000000  0.6242857143  0.6271428571  0.6364285714  0.5992857143  0.6339285714  0.6200000000  32.000000000  0.6560168004  1.7523322105  700           0.0160182905 
0.6242857143  0.6292857143  0.6208928571  0.6057142857  0.6210714286  0.6192857143  0.6098214286  0.6278571429  0.6244642857  0.6250000000  0.6280357143  0.6250000000  0.6223214286  0.6214285714  0.6248214286  0.6264285714  0.6367857143  0.5978571429  0.6353571429  0.6171428571  36.571428571  0.6525760078  1.7523322105  800           0.0158578539 
0.6216071429  0.6292857143  0.6210714286  0.6078571429  0.6200000000  0.6207142857  0.6091071429  0.6250000000  0.6251785714  0.6271428571  0.6251785714  0.6257142857  0.6230357143  0.6171428571  0.6273214286  0.6250000000  0.6351785714  0.6000000000  0.6348214286  0.6178571429  41.142857142  0.6493490064  1.7523322105  900           0.0163435698 
0.6214285714  0.6278571429  0.6207142857  0.6042857143  0.6200000000  0.6221428571  0.6117857143  0.6200000000  0.6221428571  0.6264285714  0.6248214286  0.6228571429  0.6237500000  0.6171428571  0.6255357143  0.6257142857  0.6351785714  0.6000000000  0.6348214286  0.6171428571  45.714285714  0.6438071734  1.7523322105  1000          0.0160498834 
0.6241071429  0.6292857143  0.6185714286  0.6057142857  0.6196428571  0.6214285714  0.6103571429  0.6264285714  0.6248214286  0.6285714286  0.6258928571  0.6250000000  0.6226785714  0.6150000000  0.6258928571  0.6250000000  0.6367857143  0.6028571429  0.6335714286  0.6178571429  50.285714285  0.6311105150  1.7523322105  1100          0.0161171603 
0.7110714286  0.7100000000  0.7139285714  0.6842857143  0.6903571429  0.6757142857  0.6592857143  0.6714285714  0.6492857143  0.6635714286  0.6282142857  0.6492857143  0.6169642857  0.6135714286  0.5858928571  0.5978571429  0.5810714286  0.5507142857  0.5571428571  0.5450000000  54.857142857  0.6305855083  1.7523322105  1200          0.0163971686 
0.7323214286  0.7264285714  0.7242857143  0.7092857143  0.7053571429  0.6971428571  0.6701785714  0.6964285714  0.6619642857  0.6778571429  0.6385714286  0.6550000000  0.6303571429  0.6057142857  0.5917857143  0.6057142857  0.5846428571  0.5485714286  0.5562500000  0.5442857143  59.428571428  0.6278027689  1.7523322105  1300          0.0160951948 
0.7267857143  0.7185714286  0.7155357143  0.7028571429  0.7003571429  0.6914285714  0.6682142857  0.6885714286  0.6567857143  0.6764285714  0.6401785714  0.6500000000  0.6305357143  0.6042857143  0.5955357143  0.6050000000  0.5876785714  0.5600000000  0.5621428571  0.5500000000  64.000000000  0.6195333773  1.7523322105  1400          0.0159914517 
0.7271428571  0.7185714286  0.7166071429  0.7071428571  0.7014285714  0.6900000000  0.6682142857  0.6892857143  0.6573214286  0.6778571429  0.6387500000  0.6535714286  0.6328571429  0.6035714286  0.5982142857  0.6028571429  0.5883928571  0.5600000000  0.5639285714  0.5492857143  68.571428571  0.6124767584  1.7523322105  1500          0.0166853333 
0.7273214286  0.7192857143  0.7153571429  0.7085714286  0.7012500000  0.6942857143  0.6673214286  0.6864285714  0.6571428571  0.6792857143  0.6391071429  0.6535714286  0.6323214286  0.6028571429  0.5973214286  0.6057142857  0.5885714286  0.5600000000  0.5616071429  0.5521428571  73.142857142  0.6074246705  1.7523322105  1600          0.0169694901 
0.7273214286  0.7185714286  0.7162500000  0.7085714286  0.7016071429  0.6900000000  0.6698214286  0.6907142857  0.6571428571  0.6778571429  0.6373214286  0.6500000000  0.6316071429  0.6078571429  0.5983928571  0.6050000000  0.5882142857  0.5607142857  0.5639285714  0.5514285714  77.714285714  0.6121031940  1.7523322105  1700          0.0161880136 
0.7264285714  0.7185714286  0.7155357143  0.7100000000  0.7001785714  0.6928571429  0.6696428571  0.6907142857  0.6567857143  0.6764285714  0.6385714286  0.6492857143  0.6314285714  0.6007142857  0.5982142857  0.6035714286  0.5885714286  0.5614285714  0.5625000000  0.5521428571  82.285714285  0.6034689003  1.7523322105  1800          0.0159954810 
0.7275000000  0.7200000000  0.7175000000  0.7071428571  0.7010714286  0.6921428571  0.6676785714  0.6864285714  0.6575000000  0.6771428571  0.6391071429  0.6521428571  0.6323214286  0.6057142857  0.5973214286  0.6057142857  0.5892857143  0.5585714286  0.5616071429  0.5514285714  86.857142857  0.5956013525  1.7523322105  1900          0.0169026780 
0.7266071429  0.7178571429  0.7151785714  0.7064285714  0.7005357143  0.6914285714  0.6696428571  0.6900000000  0.6578571429  0.6778571429  0.6398214286  0.6507142857  0.6326785714  0.6050000000  0.5992857143  0.6064285714  0.5882142857  0.5600000000  0.5607142857  0.5507142857  91.428571428  0.5982481974  1.7523322105  2000          0.0161194825 
0.7242857143  0.7135714286  0.7121428571  0.6964285714  0.7014285714  0.6850000000  0.6707142857  0.6942857143  0.6585714286  0.6764285714  0.6401785714  0.6521428571  0.6366071429  0.6128571429  0.6048214286  0.6092857143  0.5948214286  0.5650000000  0.5726785714  0.5578571429  96.000000000  0.5969743127  1.7523322105  2100          0.0159378719 
0.7278571429  0.7107142857  0.7153571429  0.7028571429  0.7028571429  0.6892857143  0.6664285714  0.6928571429  0.6617857143  0.6764285714  0.6382142857  0.6485714286  0.6341071429  0.6085714286  0.6039285714  0.6164285714  0.5950000000  0.5692857143  0.5742857143  0.5507142857  100.57142857  0.5901483893  1.7523322105  2200          0.0152942300 
0.7266071429  0.7157142857  0.7148214286  0.7007142857  0.7014285714  0.6907142857  0.6651785714  0.6914285714  0.6630357143  0.6735714286  0.6373214286  0.6471428571  0.6350000000  0.6064285714  0.6046428571  0.6164285714  0.5944642857  0.5685714286  0.5732142857  0.5500000000  105.14285714  0.5868462062  1.7523322105  2300          0.0160392427 
0.7444642857  0.7214285714  0.7305357143  0.7242857143  0.7169642857  0.7028571429  0.6810714286  0.7078571429  0.6750000000  0.6942857143  0.6510714286  0.6628571429  0.6444642857  0.6257142857  0.6208928571  0.6207142857  0.6042857143  0.5700000000  0.5871428571  0.5635714286  109.71428571  0.5898889184  1.7523322105  2400          0.0174559808 
0.7146428571  0.6950000000  0.7023214286  0.7021428571  0.6941071429  0.6957142857  0.6723214286  0.6971428571  0.6696428571  0.6950000000  0.6598214286  0.6721428571  0.6587500000  0.6335714286  0.6519642857  0.6421428571  0.6464285714  0.6035714286  0.6323214286  0.6100000000  114.28571428  0.5808101377  1.7523322105  2500          0.0158933187 
0.7142857143  0.6921428571  0.7014285714  0.7035714286  0.6955357143  0.6892857143  0.6716071429  0.7014285714  0.6708928571  0.6942857143  0.6589285714  0.6692857143  0.6603571429  0.6378571429  0.6517857143  0.6428571429  0.6457142857  0.6035714286  0.6316071429  0.6085714286  118.85714285  0.5776332179  1.7523322105  2600          0.0168852162 
0.7139285714  0.6928571429  0.7035714286  0.7050000000  0.6953571429  0.6907142857  0.6728571429  0.6978571429  0.6723214286  0.6942857143  0.6598214286  0.6714285714  0.6598214286  0.6335714286  0.6516071429  0.6428571429  0.6467857143  0.6021428571  0.6326785714  0.6085714286  123.42857142  0.5740811384  1.7523322105  2700          0.0168307114 
0.7142857143  0.6935714286  0.7032142857  0.7028571429  0.6948214286  0.6907142857  0.6726785714  0.6978571429  0.6707142857  0.6942857143  0.6603571429  0.6657142857  0.6592857143  0.6357142857  0.6510714286  0.6400000000  0.6476785714  0.6028571429  0.6308928571  0.6128571429  128.00000000  0.5670513737  1.7523322105  2800          0.0159652328 
0.7144642857  0.6942857143  0.7028571429  0.7050000000  0.6948214286  0.6921428571  0.6726785714  0.6992857143  0.6716071429  0.6950000000  0.6601785714  0.6692857143  0.6601785714  0.6350000000  0.6512500000  0.6428571429  0.6458928571  0.6021428571  0.6325000000  0.6107142857  132.57142857  0.5694291538  1.7523322105  2900          0.0160066390 
0.7139285714  0.6921428571  0.7025000000  0.7035714286  0.6955357143  0.6921428571  0.6714285714  0.7000000000  0.6694642857  0.6942857143  0.6610714286  0.6692857143  0.6607142857  0.6378571429  0.6507142857  0.6400000000  0.6464285714  0.6000000000  0.6319642857  0.6085714286  137.14285714  0.5655135393  1.7523322105  3000          0.0159955287 
0.7148214286  0.6935714286  0.7023214286  0.7028571429  0.6957142857  0.6942857143  0.6710714286  0.6985714286  0.6698214286  0.6964285714  0.6612500000  0.6707142857  0.6592857143  0.6364285714  0.6510714286  0.6421428571  0.6451785714  0.6021428571  0.6307142857  0.6085714286  141.71428571  0.5615720046  1.7523322105  3100          0.0159515023 
0.7148214286  0.6928571429  0.7035714286  0.7028571429  0.6948214286  0.6921428571  0.6737500000  0.7007142857  0.6710714286  0.6942857143  0.6594642857  0.6678571429  0.6587500000  0.6371428571  0.6526785714  0.6428571429  0.6455357143  0.6014285714  0.6321428571  0.6085714286  146.28571428  0.5658666086  1.7523322105  3200          0.0158960724 
0.7214285714  0.7035714286  0.7039285714  0.7114285714  0.7028571429  0.7007142857  0.6791071429  0.7050000000  0.6785714286  0.6942857143  0.6666071429  0.6771428571  0.6635714286  0.6464285714  0.6575000000  0.6528571429  0.6555357143  0.6078571429  0.6437500000  0.6135714286  150.85714285  0.5559946278  1.7523322105  3300          0.0158710909 
0.7201785714  0.7000000000  0.7033928571  0.7100000000  0.7021428571  0.6992857143  0.6782142857  0.6978571429  0.6798214286  0.6964285714  0.6666071429  0.6778571429  0.6642857143  0.6471428571  0.6566071429  0.6542857143  0.6555357143  0.6100000000  0.6446428571  0.6157142857  155.42857142  0.5514945054  1.7523322105  3400          0.0161526895 
0.7214285714  0.7057142857  0.7028571429  0.7100000000  0.7035714286  0.7014285714  0.6798214286  0.7007142857  0.6780357143  0.6964285714  0.6678571429  0.6771428571  0.6650000000  0.6464285714  0.6594642857  0.6528571429  0.6546428571  0.6064285714  0.6441071429  0.6171428571  160.00000000  0.5525465575  1.7523322105  3500          0.0156693697 
0.7201785714  0.7050000000  0.7025000000  0.7092857143  0.7026785714  0.6992857143  0.6792857143  0.7028571429  0.6787500000  0.6950000000  0.6676785714  0.6771428571  0.6642857143  0.6478571429  0.6575000000  0.6507142857  0.6542857143  0.6092857143  0.6437500000  0.6135714286  164.57142857  0.5556437582  1.7523322105  3600          0.0160905433 
0.7444642857  0.7221428571  0.7264285714  0.7235714286  0.7196428571  0.7121428571  0.6917857143  0.7114285714  0.6882142857  0.7071428571  0.6721428571  0.6828571429  0.6683928571  0.6485714286  0.6492857143  0.6514285714  0.6430357143  0.5992857143  0.6273214286  0.5985714286  169.14285714  0.5484683594  1.7523322105  3700          0.0164333725 
0.7358928571  0.7107142857  0.7128571429  0.7157142857  0.7135714286  0.7107142857  0.6880357143  0.7100000000  0.6842857143  0.7064285714  0.6714285714  0.6792857143  0.6705357143  0.6514285714  0.6551785714  0.6521428571  0.6512500000  0.6000000000  0.6342857143  0.6107142857  173.71428571  0.5439705592  1.7523322105  3800          0.0157130909 
0.7367857143  0.7100000000  0.7119642857  0.7171428571  0.7153571429  0.7078571429  0.6875000000  0.7107142857  0.6850000000  0.7014285714  0.6708928571  0.6735714286  0.6716071429  0.6535714286  0.6537500000  0.6528571429  0.6516071429  0.5985714286  0.6357142857  0.6142857143  178.28571428  0.5397169042  1.7523322105  3900          0.0161245131 
0.7530357143  0.7314285714  0.7314285714  0.7307142857  0.7248214286  0.7207142857  0.6962500000  0.7142857143  0.6876785714  0.7064285714  0.6700000000  0.6807142857  0.6664285714  0.6478571429  0.6425000000  0.6457142857  0.6325000000  0.5857142857  0.6158928571  0.5821428571  182.85714285  0.5443493259  1.7523322105  4000          0.0164898825 
0.7541071429  0.7321428571  0.7307142857  0.7321428571  0.7258928571  0.7185714286  0.6942857143  0.7135714286  0.6889285714  0.7042857143  0.6680357143  0.6792857143  0.6653571429  0.6492857143  0.6423214286  0.6435714286  0.6317857143  0.5900000000  0.6164285714  0.5864285714  187.42857142  0.5413258240  1.7523322105  4100          0.0161353278 
0.7523214286  0.7328571429  0.7317857143  0.7292857143  0.7241071429  0.7185714286  0.6925000000  0.7135714286  0.6875000000  0.7042857143  0.6703571429  0.6807142857  0.6673214286  0.6478571429  0.6398214286  0.6450000000  0.6310714286  0.5885714286  0.6153571429  0.5850000000  192.00000000  0.5358589026  1.7523322105  4200          0.0165585160 
0.7528571429  0.7314285714  0.7321428571  0.7321428571  0.7258928571  0.7207142857  0.6948214286  0.7114285714  0.6876785714  0.7035714286  0.6698214286  0.6800000000  0.6646428571  0.6485714286  0.6403571429  0.6442857143  0.6307142857  0.5871428571  0.6151785714  0.5807142857  196.57142857  0.5240379506  1.7523322105  4300          0.0164772773 
0.7451785714  0.7242857143  0.7255357143  0.7250000000  0.7194642857  0.7071428571  0.6951785714  0.7078571429  0.6873214286  0.7107142857  0.6733928571  0.6842857143  0.6739285714  0.6578571429  0.6519642857  0.6564285714  0.6478571429  0.6121428571  0.6316071429  0.6135714286  201.14285714  0.5303782627  1.7523322105  4400          0.0157627821 
0.7466071429  0.7221428571  0.7248214286  0.7242857143  0.7196428571  0.7064285714  0.6951785714  0.7085714286  0.6885714286  0.7092857143  0.6726785714  0.6821428571  0.6714285714  0.6600000000  0.6523214286  0.6514285714  0.6485714286  0.6114285714  0.6307142857  0.6150000000  205.71428571  0.5237872392  1.7523322105  4500          0.0163029194 
0.7476785714  0.7142857143  0.7275000000  0.7271428571  0.7173214286  0.7071428571  0.6944642857  0.7221428571  0.6887500000  0.7007142857  0.6737500000  0.6807142857  0.6732142857  0.6514285714  0.6523214286  0.6564285714  0.6507142857  0.6121428571  0.6337500000  0.6164285714  210.28571428  0.5300887084  1.7523322105  4600          0.0162869763 
0.7478571429  0.7135714286  0.7258928571  0.7278571429  0.7182142857  0.7057142857  0.6932142857  0.7257142857  0.6882142857  0.7000000000  0.6755357143  0.6821428571  0.6735714286  0.6542857143  0.6521428571  0.6535714286  0.6510714286  0.6100000000  0.6346428571  0.6200000000  214.85714285  0.5143721211  1.7523322105  4700          0.0161878419 
0.7376785714  0.7042857143  0.7180357143  0.7171428571  0.7110714286  0.7028571429  0.6901785714  0.7128571429  0.6885714286  0.7071428571  0.6757142857  0.6814285714  0.6785714286  0.6592857143  0.6596428571  0.6542857143  0.6641071429  0.6242857143  0.6494642857  0.6328571429  219.42857142  0.5219650856  1.7523322105  4800          0.0158853602 
0.7358928571  0.7021428571  0.7175000000  0.7192857143  0.7103571429  0.7050000000  0.6910714286  0.7157142857  0.6880357143  0.7057142857  0.6755357143  0.6835714286  0.6787500000  0.6600000000  0.6607142857  0.6514285714  0.6623214286  0.6221428571  0.6501785714  0.6307142857  224.00000000  0.5113381320  1.7523322105  4900          0.0156711674 
0.7555357143  0.7214285714  0.7362500000  0.7285714286  0.7226785714  0.7128571429  0.6989285714  0.7257142857  0.6885714286  0.7114285714  0.6741071429  0.6878571429  0.6725000000  0.6535714286  0.6480357143  0.6478571429  0.6469642857  0.6035714286  0.6262500000  0.6085714286  228.57142857  0.5152961826  1.7523322105  5000          0.0160577369 
0.7764285714  0.7328571429  0.7480357143  0.7450000000  0.7301785714  0.7250000000  0.7025000000  0.7207142857  0.6873214286  0.7078571429  0.6691071429  0.6835714286  0.6587500000  0.6378571429  0.6305357143  0.6385714286  0.6194642857  0.5807142857  0.5971428571  0.5700000000  233.14285714  0.5055302310  1.7523322105  5100          0.0165284133 
0.7662500000  0.7271428571  0.7371428571  0.7307142857  0.7257142857  0.7114285714  0.7014285714  0.7178571429  0.6892857143  0.7192857143  0.6750000000  0.6892857143  0.6717857143  0.6578571429  0.6475000000  0.6564285714  0.6423214286  0.6007142857  0.6208928571  0.6078571429  237.71428571  0.5137001726  1.7523322105  5200          0.0158594131 
0.7666071429  0.7264285714  0.7373214286  0.7307142857  0.7246428571  0.7085714286  0.6989285714  0.7157142857  0.6876785714  0.7150000000  0.6739285714  0.6871428571  0.6725000000  0.6535714286  0.6466071429  0.6514285714  0.6419642857  0.6028571429  0.6212500000  0.6035714286  242.28571428  0.4938531619  1.7523322105  5300          0.0161276054 
0.7669642857  0.7235714286  0.7369642857  0.7300000000  0.7251785714  0.7092857143  0.7000000000  0.7185714286  0.6883928571  0.7200000000  0.6751785714  0.6878571429  0.6719642857  0.6578571429  0.6471428571  0.6542857143  0.6419642857  0.5985714286  0.6205357143  0.6064285714  246.85714285  0.5099120098  1.7523322105  5400          0.0164765835 
0.7851785714  0.7478571429  0.7528571429  0.7471428571  0.7380357143  0.7228571429  0.7025000000  0.7171428571  0.6887500000  0.7057142857  0.6619642857  0.6750000000  0.6580357143  0.6378571429  0.6251785714  0.6335714286  0.6148214286  0.5692857143  0.5850000000  0.5764285714  251.42857142  0.5068161020  1.7523322105  5500          0.0159980607 
BEST
env0_in_acc   env0_out_acc  env1_in_acc   env1_out_acc  env2_in_acc   env2_out_acc  env3_in_acc   env3_out_acc  env4_in_acc   env4_out_acc  env5_in_acc   env5_out_acc  env6_in_acc   env6_out_acc  env7_in_acc   env7_out_acc  env8_in_acc   env8_out_acc  env9_in_acc   env9_out_acc  epoch         loss          mem_gb        step          step_time    
0.7851785714  0.7478571429  0.7528571429  0.7471428571  0.7380357143  0.7228571429  0.7025000000  0.7171428571  0.6887500000  0.7057142857  0.6619642857  0.6750000000  0.6580357143  0.6378571429  0.6251785714  0.6335714286  0.6148214286  0.5692857143  0.5850000000  0.5764285714  251.42857142  0.5068161020  1.7523322105  5500          0.0159980607 

FINAL
env0_in_acc   env0_out_acc  env1_in_acc   env1_out_acc  env2_in_acc   env2_out_acc  env3_in_acc   env3_out_acc  env4_in_acc   env4_out_acc  env5_in_acc   env5_out_acc  env6_in_acc   env6_out_acc  env7_in_acc   env7_out_acc  env8_in_acc   env8_out_acc  env9_in_acc   env9_out_acc  epoch         loss          mem_gb        step          step_time    
0.7467261905  0.7114285714  0.7154166667  0.7142857143  0.7098809524  0.7004761905  0.6867857143  0.6926190476  0.6777380952  0.6971428571  0.6636309524  0.6669047619  0.6592857143  0.6571428571  0.6451190476  0.6347619048  0.6326190476  0.6180952381  0.6211309524  0.6214285714  236.19047619  0.5099981831  1.7523322105  5166.6666666  0.0163467352 
0.0314205663  0.0272990493  0.0323493149  0.0277439704  0.0218346121  0.0200113347  0.0165369099  0.0190446426  0.0095145044  0.0147196014  0.0014677176  0.0109472037  0.0025629822  0.0136401767  0.0154016060  0.0022080044  0.0170111091  0.0346131848  0.0256904376  0.0379625666  10.774960475  0.0044559023  0.0000000000  235.70226039  0.0006603858 
